#PATH-POINTS-START STEP_1
-158.146,-1.773,120,0
-156.147,-1.743,120
-154.147,-1.713,120
-152.147,-1.683,120
-150.147,-1.653,120
-148.147,-1.624,120
-146.148,-1.594,120
-144.148,-1.564,120
-142.148,-1.534,120
-140.148,-1.504,120
-138.149,-1.474,120
-136.149,-1.445,120
-134.149,-1.415,120
-132.149,-1.385,120
-130.149,-1.355,120
-128.15,-1.325,120
-126.15,-1.295,120
-124.15,-1.265,120
-122.15,-1.236,120
-120.151,-1.206,120
-118.151,-1.176,120,0
-118.036,-3.04,120
-118.057,-5.04,120
-118.077,-7.04,120
-118.098,-9.04,120
-118.118,-11.039,120
-118.139,-13.039,120
-118.16,-15.039,120
-118.18,-17.039,120
-118.201,-19.039,120
-118.222,-21.039,120
-118.242,-23.039,120
-118.263,-25.039,120
-118.283,-27.039,120
-118.304,-29.038,120
-118.325,-31.038,120
-118.345,-33.038,120
-118.366,-35.038,120
-118.386,-37.038,120
-118.407,-39.038,120
-118.428,-41.038,120
-118.448,-43.038,120
-118.469,-45.038,120
-118.49,-47.038,120
-118.51,-49.037,120
-118.531,-51.037,120
-118.551,-53.037,120
-118.572,-55.037,120
-118.593,-57.037,120
-118.613,-59.037,120,0
-116.851,-59.272,120
-114.851,-59.272,120
-112.851,-59.272,120
-110.851,-59.272,120
-108.851,-59.272,120
-106.851,-59.272,120
-104.851,-59.272,120
-102.851,-59.272,120
-100.851,-59.272,120
-98.851,-59.272,120
-96.851,-59.272,120
-94.851,-59.272,120
-92.851,-59.272,120
-90.851,-59.272,120
-88.851,-59.272,120
-86.851,-59.272,120
-84.851,-59.272,120
-82.851,-59.272,120
-80.851,-59.272,120
-78.851,-59.272,120
-76.851,-59.272,120
-74.851,-59.272,120
-72.851,-59.272,120
-70.851,-59.272,120
-68.851,-59.272,120
-66.851,-59.272,120
-64.851,-59.272,120
-62.851,-59.272,120
-60.851,-59.272,120
-58.976,-59.774,120,0
-57.21,-60.713,120
-55.445,-61.652,120
-53.679,-62.592,120
-51.913,-63.531,120
-50.148,-64.47,120
-48.382,-65.41,120
-46.616,-66.349,120
-44.851,-67.289,120
-43.085,-68.228,120
-41.319,-69.167,120
-39.554,-70.107,120
-37.788,-71.046,120
-36.022,-71.985,120
-34.257,-72.925,120
-32.491,-73.864,120
-30.725,-74.803,120
-28.96,-75.743,120
-27.194,-76.682,120
-25.428,-77.622,120
-23.663,-78.561,120
-21.897,-79.5,120
-20.131,-80.44,120
-18.366,-81.379,120
-16.6,-82.318,120
-14.834,-83.258,120
-13.069,-84.197,120
-11.303,-85.137,120
-9.537,-86.076,120
-7.772,-87.015,120
-6.006,-87.955,120
-4.24,-88.894,120
-2.475,-89.833,120
-0.709,-90.773,120
1.057,-91.712,120
2.822,-92.652,120
4.588,-93.591,120
6.354,-94.53,120
8.119,-95.47,120
9.885,-96.409,120
11.651,-97.348,120
13.416,-98.288,120
15.182,-99.227,120
16.948,-100.166,120
18.713,-101.106,120
20.479,-102.045,120
22.245,-102.985,120
24.011,-103.924,120
25.776,-104.863,120
27.542,-105.803,120
29.308,-106.742,120
31.073,-107.681,120
32.839,-108.621,120
34.605,-109.56,120
36.37,-110.5,120
38.136,-111.439,120
39.902,-112.378,120
41.667,-113.318,120
43.433,-114.257,120
45.199,-115.196,120
46.964,-116.136,120
48.73,-117.075,120
50.496,-118.014,120
52.261,-118.954,120
54.027,-119.893,120
55.793,-120.833,120
57.558,-121.772,120
59.324,-122.711,120
61.09,-123.651,120,0
60.448,-124.525,120
58.634,-125.368,120
56.82,-126.211,120
55.007,-127.053,120
53.193,-127.896,120
51.379,-128.739,120
49.565,-129.582,120
47.751,-130.424,120
45.938,-131.267,120
44.124,-132.11,120
42.31,-132.953,120
40.496,-133.795,120
38.683,-134.638,120
36.869,-135.481,120
35.055,-136.324,120
33.241,-137.167,120
31.428,-138.009,120
29.614,-138.852,120
27.8,-139.695,120
25.986,-140.538,120
24.173,-141.38,120
22.359,-142.223,120
20.545,-143.066,120
18.731,-143.909,120
16.917,-144.751,120
15.104,-145.594,120
13.29,-146.437,120
11.476,-147.28,120
9.662,-148.122,120
7.849,-148.965,120
6.035,-149.808,120
4.221,-150.651,120
2.407,-151.493,120,0
2.183,-153.462,120
1.99,-155.452,120
1.798,-157.443,120
1.605,-159.434,120
1.412,-161.425,120
1.22,-163.415,120
1.027,-165.406,120
0.834,-167.397,120
0.642,-169.387,120
0.558,-168.771,120,0
0.533,-166.771,120
0.508,-164.771,120
0.483,-162.771,120
0.457,-160.771,120
0.432,-158.771,120
0.407,-156.772,120
0.381,-154.772,120
0.356,-152.772,120
0.331,-150.772,120
0.305,-148.772,120
0.28,-146.772,120
0.255,-144.773,120
0.229,-142.773,120
0.204,-140.773,120
0.179,-138.773,120
0.153,-136.773,120
0.128,-134.773,120
0.103,-132.774,120
0.077,-130.774,120
0.052,-128.774,120
0.027,-126.774,120
0.002,-124.774,120
-0.024,-122.774,120,0
-2.01,-122.72,120
-4.009,-122.679,120
-6.009,-122.637,120
-8.008,-122.596,120
-10.008,-122.555,120
-12.008,-122.514,120
-14.007,-122.473,120
-16.007,-122.432,120
-18.006,-122.391,120
-20.006,-122.35,120
-22.005,-122.309,120
-24.005,-122.268,120
-26.005,-122.227,120
-28.004,-122.185,120
-30.004,-122.144,120
-32.003,-122.103,120
-34.003,-122.062,120
-36.002,-122.021,120
-38.002,-121.98,120
-40.002,-121.939,120
-42.001,-121.898,120
-44.001,-121.857,120
-46,-121.816,120
-48,-121.775,120
-49.999,-121.734,120
-51.999,-121.692,120
-53.999,-121.651,120
-55.998,-121.61,120
-57.998,-121.569,120
-59.997,-121.528,120
-61.997,-121.487,120
-63.997,-121.446,120
-65.996,-121.405,120
-67.996,-121.364,120
-69.995,-121.323,120
-71.995,-121.282,120
-73.994,-121.24,120
-75.994,-121.199,120
-77.994,-121.158,120
-79.993,-121.117,120
-81.993,-121.076,120
-83.992,-121.035,120
-85.992,-120.994,120
-87.991,-120.953,120
-89.991,-120.912,120
-91.991,-120.871,120
-93.99,-120.83,120
-95.99,-120.789,120
-97.989,-120.747,120
-99.989,-120.706,120
-101.989,-120.665,120
-103.988,-120.624,120
-105.988,-120.583,120
-107.987,-120.542,120
-109.987,-120.501,120
-111.986,-120.46,120
-113.986,-120.419,120
-115.986,-120.378,120
-117.985,-120.337,120
-119.985,-120.295,120
-121.984,-120.254,120
-123.984,-120.213,120
-125.983,-120.172,120
-127.983,-120.131,120
-129.983,-120.09,120
-131.982,-120.049,120
-133.982,-120.008,120
-135.981,-119.967,120
-137.981,-119.926,120
-139.98,-119.885,120
-141.98,-119.844,120
-143.98,-119.802,120
-145.979,-119.761,120
-147.979,-119.72,120
-149.978,-119.679,120
-151.978,-119.638,120
-153.978,-119.597,120
-155.977,-119.556,120
-157.977,-119.515,120
-159.976,-119.474,120
-161.976,-119.433,120
-163.975,-119.392,120
-165.975,-119.35,120
-167.975,-119.309,120
-169.974,-119.268,120
-171.974,-119.227,120
-173.973,-119.186,120,0
-174,-119.691,120
-172.263,-120.683,120
-170.527,-121.675,120
-168.79,-122.668,120
-167.054,-123.66,120
-165.317,-124.652,120
-163.581,-125.644,120
-161.844,-126.637,120
-160.108,-127.629,120
-158.371,-128.621,120
-156.635,-129.614,120
-154.898,-130.606,120
-153.162,-131.598,120
-151.425,-132.59,120
-149.689,-133.583,120
-147.952,-134.575,120
-146.216,-135.567,120
-144.479,-136.56,120
-142.743,-137.552,120
-141.006,-138.544,120
-139.27,-139.536,120
-137.534,-140.529,120
-135.797,-141.521,120
-134.061,-142.513,120
-132.324,-143.505,120
-130.588,-144.498,120
-128.851,-145.49,120
-127.115,-146.482,120
-125.378,-147.475,120
-123.642,-148.467,120
-121.905,-149.459,120
-120.678,-150.405,120,0
-122.566,-151.064,120
-124.454,-151.724,120
-126.342,-152.384,120
-128.23,-153.043,120
-130.118,-153.703,120
-132.006,-154.363,120
-133.894,-155.023,120
-135.782,-155.682,120
-137.67,-156.342,120
-139.558,-157.002,120
-141.447,-157.661,120
-143.335,-158.321,120
-145.223,-158.981,120
-147.111,-159.64,120
-148.999,-160.3,120
-150.887,-160.96,120
-152.775,-161.619,120
-154.663,-162.279,120
-156.551,-162.939,120
-158.439,-163.598,120
-160.327,-164.258,120
-162.215,-164.918,120
-164.103,-165.578,120
-165.991,-166.237,120
-167.88,-166.897,120
-170.125,-167.682,120,0
-170.125,-167.682,0,0
#PATH-POINTS-START STEP_2
-167.131,-168.28,120,0
-165.725,-166.857,120
-164.32,-165.434,120
-162.915,-164.011,120
-161.509,-162.588,120
-160.104,-161.165,120
-158.699,-159.742,120
-157.293,-158.319,120
-155.888,-156.896,120
-154.483,-155.473,120
-153.078,-154.05,120
-151.672,-152.627,120
-150.267,-151.204,120
-148.862,-149.78,120
-147.456,-148.357,120
-146.051,-146.934,120
-144.646,-145.511,120
-143.241,-144.088,120
-141.835,-142.665,120
-140.43,-141.242,120
-139.025,-139.819,120
-137.619,-138.396,120
-136.214,-136.973,120
-134.809,-135.55,120
-133.404,-134.127,120
-131.998,-132.703,120
-130.593,-131.28,120
-129.188,-129.857,120
-127.782,-128.434,120
-126.377,-127.011,120
-124.972,-125.588,120
-123.566,-124.165,120
-122.161,-122.742,120
-120.756,-121.319,120
-119.814,-119.706,120,0
-119.814,-117.706,120
-119.814,-115.706,120
-119.814,-113.706,120
-119.814,-111.706,120
-119.814,-109.706,120
-119.814,-107.706,120
-119.814,-105.706,120
-119.814,-103.706,120
-119.814,-101.706,120
-119.814,-99.706,120
-119.814,-97.706,120
-119.814,-95.706,120
-119.814,-93.706,120
-119.814,-91.706,120
-119.814,-89.706,120
-119.814,-87.706,120
-119.814,-85.706,120
-119.814,-83.706,120
-119.814,-81.706,120
-119.814,-79.706,120
-119.814,-77.706,120
-119.814,-75.706,120
-119.814,-73.706,120
-119.814,-71.706,120
-119.814,-69.706,120
-119.814,-67.706,120
-119.814,-65.706,120
-119.814,-63.706,120
-119.814,-61.706,120
-119.814,-59.706,120
-119.814,-57.706,120
-119.814,-55.706,120
-119.814,-53.706,120
-119.814,-51.706,120
-119.814,-49.706,120
-119.814,-47.706,120
-119.814,-45.706,120
-119.814,-43.706,120
-119.814,-41.706,120
-119.814,-39.706,120
-119.814,-37.706,120
-119.814,-35.706,120
-119.814,-33.706,120
-119.814,-31.706,120
-119.814,-29.706,120
-119.814,-27.706,120
-119.814,-25.706,120
-119.814,-23.706,120
-119.814,-21.706,120
-119.814,-19.706,120
-119.814,-17.706,120
-119.814,-15.706,120
-119.814,-13.706,120
-119.814,-11.706,120
-119.814,-9.706,120
-119.814,-7.706,120
-119.814,-5.706,120
-119.814,-3.706,120
-119.814,-1.706,120
-119.814,0.294,120
-119.814,2.294,120
-119.814,4.294,120
-119.814,6.294,120
-119.814,8.294,120
-119.814,10.294,120
-119.814,12.294,120
-119.814,14.294,120
-119.814,16.294,120
-119.814,18.294,120
-119.814,20.294,120
-119.814,22.294,120
-119.814,24.294,120
-119.814,26.294,120
-119.814,28.294,120
-119.814,30.294,120
-119.814,32.294,120
-119.814,34.294,120
-119.814,36.294,120
-119.814,38.294,120
-119.814,40.294,120
-119.814,42.294,120
-119.814,44.294,120
-119.814,46.294,120
-119.814,48.294,120
-119.814,50.294,120
-119.814,52.294,120
-119.814,54.294,120
-119.814,56.294,120
-119.814,58.294,120,0
-118.839,59.3,120
-116.84,59.258,120
-114.84,59.216,120
-112.841,59.175,120
-110.841,59.133,120
-108.841,59.091,120
-106.842,59.05,120
-104.842,59.008,120
-102.843,58.966,120
-100.843,58.925,120
-98.844,58.883,120
-96.844,58.841,120
-94.845,58.8,120
-92.845,58.758,120
-90.845,58.716,120
-88.846,58.675,120
-86.846,58.633,120
-84.847,58.591,120
-82.847,58.55,120
-80.848,58.508,120
-78.848,58.466,120
-76.848,58.425,120
-74.849,58.383,120
-72.849,58.341,120
-70.85,58.3,120
-68.85,58.258,120
-66.851,58.216,120
-64.851,58.175,120
-62.851,58.133,120,0
-61.29,57.078,120
-59.889,55.65,120
-58.489,54.222,120
-57.088,52.795,120
-55.687,51.367,120
-54.287,49.94,120
-52.886,48.512,120
-51.485,47.084,120
-50.085,45.657,120
-48.684,44.229,120
-47.283,42.801,120
-45.882,41.374,120
-44.482,39.946,120
-43.081,38.519,120
-41.68,37.091,120
-40.28,35.663,120
-38.879,34.236,120
-37.478,32.808,120
-36.078,31.381,120
-34.677,29.953,120
-33.276,28.525,120
-31.876,27.098,120
-30.475,25.67,120
-29.074,24.242,120
-27.674,22.815,120
-26.273,21.387,120
-24.872,19.96,120
-23.472,18.532,120
-22.071,17.104,120
-20.67,15.677,120
-19.27,14.249,120
-17.869,12.822,120
-16.468,11.394,120
-15.068,9.966,120
-13.667,8.539,120
-12.266,7.111,120
-10.865,5.683,120
-9.465,4.256,120
-8.064,2.828,120
-6.663,1.401,120
-5.263,-0.027,120
-3.862,-1.455,120
-2.461,-2.882,120
-1.061,-4.31,120
-0.368,-4.977,120,0
-1.692,-3.478,120
-3.015,-1.978,120
-4.339,-0.479,120
-5.663,1.02,120
-6.986,2.519,120
-8.31,4.019,120
-9.634,5.518,120
-10.957,7.017,120
-12.281,8.517,120
-13.605,10.016,120
-14.928,11.515,120
-16.252,13.014,120
-17.576,14.514,120
-18.9,16.013,120
-20.223,17.512,120
-21.547,19.011,120
-22.871,20.511,120
-24.194,22.01,120
-25.518,23.509,120
-26.842,25.009,120
-28.165,26.508,120
-29.489,28.007,120
-30.813,29.506,120
-32.136,31.006,120
-33.46,32.505,120
-34.784,34.004,120
-36.108,35.504,120
-37.431,37.003,120
-38.755,38.502,120
-40.079,40.001,120
-41.402,41.501,120
-42.726,43,120
-44.05,44.499,120
-45.373,45.999,120
-46.697,47.498,120
-48.021,48.997,120
-49.344,50.496,120
-50.668,51.996,120
-51.992,53.495,120
-53.316,54.994,120
-54.639,56.494,120
-55.963,57.993,120
-57.287,59.492,120
-58.61,60.991,120,0
-58.758,62.949,120
-58.799,64.949,120
-58.84,66.948,120
-58.881,68.948,120
-58.922,70.947,120
-58.962,72.947,120
-59.003,74.947,120
-59.044,76.946,120
-59.085,78.946,120
-59.126,80.945,120
-59.166,82.945,120
-59.207,84.945,120
-59.248,86.944,120
-59.289,88.944,120
-59.33,90.943,120
-59.37,92.943,120
-59.411,94.942,120
-59.452,96.942,120
-59.493,98.942,120
-59.534,100.941,120
-59.574,102.941,120
-59.615,104.94,120
-59.656,106.94,120
-59.697,108.94,120
-59.738,110.939,120
-59.778,112.939,120
-59.819,114.938,120
-59.86,116.938,120
-59.901,118.937,120
-61.042,119.85,120,0
-63.041,119.915,120
-65.04,119.98,120
-67.039,120.045,120
-69.038,120.11,120
-71.037,120.175,120
-73.036,120.239,120
-75.035,120.304,120
-77.033,120.369,120
-79.032,120.434,120
-81.031,120.499,120
-83.03,120.564,120
-85.029,120.629,120
-87.028,120.694,120
-89.027,120.759,120
-91.026,120.824,120
-93.025,120.888,120
-95.024,120.953,120
-97.023,121.018,120
-99.022,121.083,120
-101.021,121.148,120
-103.02,121.213,120
-105.019,121.278,120
-107.018,121.343,120
-109.017,121.408,120
-111.016,121.473,120
-113.015,121.537,120
-115.013,121.602,120
-117.012,121.667,120
-119.011,121.732,120
-121.01,121.797,120
-123.009,121.862,120
-125.008,121.927,120
-127.007,121.992,120
-129.006,122.057,120
-131.005,122.122,120
-133.004,122.186,120
-135.003,122.251,120
-137.002,122.316,120
-139.001,122.381,120
-141,122.446,120
-142.999,122.511,120
-144.998,122.576,120
-146.997,122.641,120
-148.996,122.706,120
-150.995,122.771,120
-151.523,123.355,120,0
-150.009,124.662,120
-148.494,125.968,120
-146.98,127.275,120
-145.466,128.581,120
-143.951,129.887,120
-142.437,131.194,120
-140.923,132.5,120
-139.408,133.807,120
-137.894,135.113,120
-136.38,136.42,120
-134.866,137.726,120
-133.351,139.033,120
-131.837,140.339,120
-130.323,141.646,120
-128.808,142.952,120
-127.294,144.259,120
-125.78,145.565,120
-124.265,146.872,120
-122.751,148.178,120
-122.072,149.336,120,0
-123.944,150.041,120
-125.816,150.746,120
-127.687,151.451,120
-129.559,152.156,120
-131.431,152.861,120
-133.302,153.565,120
-135.174,154.27,120
-137.046,154.975,120
-138.917,155.68,120
-140.789,156.385,120
-142.661,157.09,120
-144.532,157.795,120
-146.404,158.5,120
-148.276,159.205,120
-150.147,159.91,120
-152.019,160.615,120
-153.891,161.319,120
-155.762,162.024,120
-157.634,162.729,120
-159.506,163.434,120
-161.377,164.139,120
-163.249,164.844,120
-165.12,165.549,120
-166.992,166.254,120
-167.729,166.532,120,0
-167.729,166.532,0,0
#PATH-POINTS-START STEP_3
-168.927,168.927,120,0
-167.319,167.739,120
-165.711,166.55,120
-164.102,165.361,120
-162.494,164.172,120
-160.886,162.983,120
-159.277,161.795,120
-157.669,160.606,120
-156.061,159.417,120
-154.452,158.228,120
-152.844,157.04,120
-151.235,155.851,120
-149.627,154.662,120
-148.019,153.473,120
-146.41,152.284,120
-144.802,151.096,120
-143.194,149.907,120
-141.585,148.718,120,0
-139.636,148.571,120
-137.636,148.579,120
-135.636,148.588,120
-133.636,148.596,120
-131.636,148.605,120
-129.637,148.613,120
-127.637,148.622,120
-125.637,148.63,120
-123.637,148.639,120
-121.637,148.647,120
-119.637,148.656,120
-117.637,148.664,120
-115.637,148.673,120
-113.637,148.681,120
-111.637,148.69,120
-109.637,148.698,120
-107.637,148.707,120
-105.637,148.715,120
-103.637,148.724,120
-101.637,148.732,120
-99.637,148.741,120
-97.637,148.749,120
-95.637,148.758,120
-93.637,148.766,120
-91.637,148.775,120
-89.637,148.783,120
-87.637,148.792,120
-85.637,148.8,120
-83.637,148.809,120
-81.637,148.817,120
-79.637,148.826,120
-77.637,148.834,120
-75.637,148.843,120
-73.637,148.851,120
-71.637,148.86,120
-69.637,148.868,120
-67.637,148.877,120
-65.637,148.885,120
-63.637,148.894,120
-61.637,148.902,120
-59.637,148.911,120
-57.637,148.919,120
-55.637,148.928,120
-53.637,148.936,120
-51.637,148.945,120
-49.637,148.953,120
-47.637,148.962,120
-45.637,148.971,120
-43.637,148.979,120
-41.637,148.988,120
-39.637,148.996,120
-37.637,149.005,120
-35.637,149.013,120
-33.637,149.022,120
-31.637,149.03,120
-29.637,149.039,120
-27.637,149.047,120
-25.637,149.056,120
-23.637,149.064,120
-21.637,149.073,120
-19.638,149.081,120
-17.638,149.09,120
-15.638,149.098,120
-13.638,149.107,120
-11.638,149.115,120
-9.638,149.124,120
-7.638,149.132,120
-5.638,149.141,120
-3.638,149.149,120
-1.638,149.158,120,0
-0.623,150.147,120
-0.623,152.147,120
-0.623,154.147,120
-0.623,156.147,120
-0.623,158.147,120
-0.623,160.147,120
-0.623,162.147,120
-0.623,164.147,120
-0.623,166.147,120
-0.623,168.147,120
-0.623,170.147,120
-0.623,172.147,120
-0.623,174.147,120
-0.589,174.885,120,0
-0.482,172.888,120
-0.374,170.891,120
-0.267,168.894,120
-0.16,166.897,120
-0.052,164.9,120
0.055,162.902,120
0.163,160.905,120
0.27,158.908,120
0.377,156.911,120
0.485,154.914,120
0.592,152.917,120
0.699,150.92,120
0.807,148.923,120
0.914,146.926,120
1.022,144.928,120
1.129,142.931,120
1.236,140.934,120
1.344,138.937,120
1.451,136.94,120
1.558,134.943,120
1.666,132.946,120
1.773,130.949,120
1.881,128.952,120
1.988,126.954,120
2.095,124.957,120
2.203,122.96,120
2.31,120.963,120
2.96,119.201,120,0
4.345,117.759,120
5.731,116.316,120
7.116,114.874,120
8.501,113.431,120
9.887,111.989,120
11.272,110.546,120
12.657,109.104,120
14.043,107.661,120
15.428,106.219,120
16.813,104.776,120
18.199,103.334,120
19.584,101.891,120
20.97,100.449,120
22.355,99.006,120
23.74,97.564,120
25.126,96.122,120
26.511,94.679,120
27.896,93.237,120
29.282,91.794,120
30.667,90.352,120
32.052,88.909,120
33.438,87.467,120
34.823,86.024,120
36.208,84.582,120
37.594,83.139,120
38.979,81.697,120
40.365,80.254,120
41.75,78.812,120
43.135,77.369,120
44.521,75.927,120
45.906,74.484,120
47.291,73.042,120
48.677,71.599,120
50.062,70.157,120
51.447,68.714,120
52.833,67.272,120
54.218,65.829,120
55.604,64.387,120
56.989,62.944,120
58.374,61.502,120
59.76,60.059,120
61.145,58.617,120
62.53,57.174,120
63.916,55.732,120
65.301,54.289,120
66.686,52.847,120
68.072,51.404,120
69.457,49.962,120
70.843,48.519,120
72.228,47.077,120
73.613,45.634,120
74.999,44.192,120
76.384,42.749,120
77.769,41.307,120
79.155,39.864,120
80.54,38.422,120
81.925,36.979,120
83.311,35.537,120
84.696,34.094,120
86.081,32.652,120
87.467,31.21,120
88.852,29.767,120
90.238,28.325,120
91.623,26.882,120
93.008,25.44,120
94.394,23.997,120
95.779,22.555,120
97.164,21.112,120
98.55,19.67,120
99.935,18.227,120
101.32,16.785,120
102.706,15.342,120
104.091,13.9,120
105.477,12.457,120
106.862,11.015,120
108.247,9.572,120
109.633,8.13,120
111.018,6.687,120
112.403,5.245,120
113.789,3.802,120
115.174,2.36,120
116.559,0.917,120
117.945,-0.525,120,0
118.577,-0.073,120
118.592,1.927,120
118.608,3.927,120
118.624,5.926,120
118.64,7.926,120
118.656,9.926,120
118.672,11.926,120
118.688,13.926,120
118.704,15.926,120
118.72,17.926,120
118.736,19.926,120
118.752,21.926,120
118.768,23.926,120
118.784,25.926,120
118.8,27.926,120
118.816,29.926,120
118.832,31.926,120
118.847,33.926,120
118.863,35.925,120
118.879,37.925,120
118.895,39.925,120
118.911,41.925,120
118.927,43.925,120
118.943,45.925,120
118.959,47.925,120
118.975,49.925,120
118.991,51.925,120
119.007,53.925,120
119.023,55.925,120
119.039,57.925,120
119.055,59.925,120
119.071,61.925,120
119.086,63.925,120
119.102,65.925,120
119.118,67.924,120
119.134,69.924,120
119.15,71.924,120
119.166,73.924,120
119.182,75.924,120
119.198,77.924,120
119.214,79.924,120
119.23,81.924,120
119.246,83.924,120
119.262,85.924,120
119.278,87.924,120
119.294,89.924,120
119.31,91.924,120
119.326,93.924,120
119.341,95.924,120
119.357,97.924,120
119.373,99.923,120
119.389,101.923,120
119.405,103.923,120
119.421,105.923,120
119.437,107.923,120
119.453,109.923,120
119.469,111.923,120
119.485,113.923,120
119.501,115.923,120
119.517,117.923,120
119.533,119.923,120
119.549,121.923,120
119.565,123.923,120
119.581,125.923,120
119.596,127.923,120
119.612,129.923,120
119.628,131.922,120
119.644,133.922,120
119.66,135.922,120
119.676,137.922,120
119.692,139.922,120
119.708,141.922,120
119.724,143.922,120
119.74,145.922,120
119.756,147.922,120,0
119.76,148.402,120
119.743,146.402,120
119.727,144.402,120
119.711,142.402,120
119.695,140.402,120
119.679,138.403,120
119.663,136.403,120
119.647,134.403,120
119.631,132.403,120
119.614,130.403,120
119.598,128.403,120
119.582,126.403,120
119.566,124.403,120
119.55,122.403,120
119.534,120.403,120
119.518,118.403,120
119.501,116.403,120
119.485,114.403,120
119.469,112.403,120
119.453,110.403,120
119.437,108.404,120
119.421,106.404,120
119.405,104.404,120
119.389,102.404,120
119.372,100.404,120
119.356,98.404,120
119.34,96.404,120
119.324,94.404,120
119.308,92.404,120
119.292,90.404,120
119.276,88.404,120
119.26,86.404,120
119.243,84.404,120
119.227,82.404,120
119.211,80.404,120
119.195,78.405,120
119.179,76.405,120
119.452,75.288,120,0
120.623,76.909,120
121.794,78.531,120
122.965,80.152,120
124.136,81.773,120
125.307,83.395,120
126.478,85.016,120
127.649,86.637,120
128.82,88.259,120
129.991,89.88,120
131.162,91.502,120
132.333,93.123,120
133.504,94.744,120
134.675,96.366,120
135.846,97.987,120
137.017,99.608,120
138.188,101.23,120
139.359,102.851,120
140.53,104.472,120
141.701,106.094,120
142.872,107.715,120
144.043,109.337,120
145.214,110.958,120
146.385,112.579,120
147.556,114.201,120
148.727,115.822,120
149.898,117.443,120
149.02,118.043,120,0
147.02,118.083,120
145.02,118.123,120
143.021,118.164,120
141.021,118.204,120
139.022,118.244,120
137.022,118.284,120
135.023,118.325,120
133.023,118.365,120
131.023,118.405,120
129.024,118.445,120
127.024,118.486,120
125.025,118.526,120
123.025,118.566,120
121.025,118.606,120
119.026,118.647,120
117.026,118.687,120
115.027,118.727,120
113.027,118.767,120
111.027,118.808,120
109.028,118.848,120
107.028,118.888,120
105.029,118.928,120
103.029,118.969,120
101.029,119.009,120
99.03,119.049,120
97.03,119.09,120
95.031,119.13,120
93.031,119.17,120
91.031,119.21,120
89.032,119.251,120
87.032,119.291,120
85.033,119.331,120
83.033,119.371,120
81.033,119.412,120
79.034,119.452,120
77.034,119.492,120
75.035,119.532,120
73.035,119.573,120
71.035,119.613,120
69.036,119.653,120
67.036,119.693,120
65.037,119.734,120
63.037,119.774,120
61.069,119.814,120,0
61.069,119.814,0,0
#PATH-POINTS-START STEP_4
61.069,118.616,120,0
61.952,116.821,120
62.836,115.027,120
63.72,113.233,120
64.603,111.439,120
65.487,109.645,120
66.37,107.85,120
67.254,106.056,120
68.137,104.262,120
69.021,102.468,120
69.905,100.673,120
70.788,98.879,120
71.672,97.085,120
72.555,95.291,120
73.439,93.496,120
74.323,91.702,120
75.206,89.908,120
76.09,88.114,120
76.973,86.32,120
77.857,84.525,120
78.741,82.731,120
79.624,80.937,120
80.508,79.143,120
81.391,77.348,120
82.275,75.554,120
83.159,73.76,120
84.042,71.966,120
84.926,70.171,120
85.809,68.377,120
86.693,66.583,120
87.576,64.789,120
88.46,62.995,120
89.344,61.2,120
90.227,59.406,120
91.111,57.612,120
91.994,55.818,120
92.878,54.023,120
93.762,52.229,120
94.645,50.435,120
95.529,48.641,120
96.412,46.846,120
97.296,45.052,120
98.18,43.258,120
99.063,41.464,120
99.947,39.67,120
100.83,37.875,120
101.714,36.081,120
102.598,34.287,120
103.481,32.493,120
104.365,30.698,120
105.248,28.904,120
106.132,27.11,120
107.016,25.316,120
107.899,23.521,120
108.783,21.727,120
109.666,19.933,120
110.55,18.139,120
111.433,16.345,120
112.317,14.55,120
113.201,12.756,120
114.084,10.962,120
114.968,9.168,120
115.851,7.373,120
116.735,5.579,120
117.619,3.785,120
118.502,1.991,120
119.386,0.196,120,0
118.947,-1.368,120
117.511,-2.76,120
116.074,-4.152,120
114.638,-5.544,120
113.202,-6.936,120
111.766,-8.328,120
110.329,-9.719,120
108.893,-11.111,120
107.457,-12.503,120
106.021,-13.895,120
104.584,-15.287,120
103.148,-16.679,120
101.712,-18.07,120
100.276,-19.462,120
98.839,-20.854,120
97.403,-22.246,120
95.967,-23.638,120
94.531,-25.03,120
93.094,-26.421,120
91.658,-27.813,120
90.222,-29.205,120
88.786,-30.597,120
87.349,-31.989,120
85.913,-33.38,120
84.477,-34.772,120
83.041,-36.164,120
81.604,-37.556,120
80.168,-38.948,120
78.732,-40.34,120
77.296,-41.731,120
75.859,-43.123,120
74.423,-44.515,120
72.987,-45.907,120
71.551,-47.299,120
70.114,-48.691,120
68.678,-50.082,120
67.242,-51.474,120
65.806,-52.866,120
64.369,-54.258,120
62.933,-55.65,120
61.832,-57.048,120,0
63.211,-58.497,120
64.59,-59.946,120
65.969,-61.394,120
67.347,-62.843,120
68.726,-64.291,120
70.105,-65.74,120
71.484,-67.189,120
72.863,-68.637,120
74.242,-70.086,120
75.621,-71.534,120
77,-72.983,120
78.379,-74.432,120
79.758,-75.88,120
81.137,-77.329,120
82.516,-78.777,120
83.895,-80.226,120
85.274,-81.675,120
86.653,-83.123,120
88.032,-84.572,120
89.411,-86.02,120
90.79,-87.469,120
92.169,-88.918,120
93.548,-90.366,120
94.927,-91.815,120
96.306,-93.264,120
97.685,-94.712,120
99.064,-96.161,120
100.443,-97.609,120
101.822,-99.058,120
103.201,-100.507,120
104.579,-101.955,120
105.958,-103.404,120
107.337,-104.852,120
108.716,-106.301,120
110.095,-107.75,120
111.474,-109.198,120
112.853,-110.647,120
114.232,-112.095,120
115.611,-113.544,120
116.99,-114.993,120
118.369,-116.441,120
119.748,-117.89,120
120.95,-119.403,120,0
120.832,-121.4,120
120.715,-123.396,120
120.597,-125.393,120
120.48,-127.39,120
120.362,-129.386,120
120.245,-131.383,120
120.128,-133.379,120
120.01,-135.376,120
119.893,-137.372,120
119.775,-139.369,120
119.658,-141.365,120
119.54,-143.362,120
119.423,-145.359,120
119.305,-147.355,120
119.188,-149.352,120
120.715,-150.248,120,0
122.605,-150.9,120
124.496,-151.553,120
126.386,-152.206,120
128.277,-152.858,120
130.167,-153.511,120
132.058,-154.164,120
133.949,-154.816,120
135.839,-155.469,120
137.73,-156.122,120
139.62,-156.774,120
141.511,-157.427,120
143.401,-158.08,120
145.292,-158.732,120
147.182,-159.385,120
149.073,-160.038,120
150.963,-160.69,120
152.854,-161.343,120
154.744,-161.996,120
156.635,-162.648,120
158.525,-163.301,120
160.416,-163.954,120
162.306,-164.606,120
164.197,-165.259,120
166.087,-165.912,120
167.978,-166.564,120
169.478,-167.083,120,0
169.478,-167.083,0,0
#PATH-POINTS-START STEP_5
168.879,-168.879,120,0
166.88,-168.93,120
164.881,-168.981,120
162.881,-169.031,120
160.882,-169.082,120
158.883,-169.133,120
156.883,-169.183,120
154.884,-169.234,120
152.885,-169.284,120
150.885,-169.335,120
148.886,-169.386,120
146.886,-169.436,120
144.887,-169.487,120
142.888,-169.537,120
140.888,-169.588,120
138.889,-169.639,120
136.89,-169.689,120
134.89,-169.74,120
132.891,-169.791,120
130.892,-169.841,120
128.892,-169.892,120
126.893,-169.942,120
124.894,-169.993,120
122.894,-170.044,120
121.555,-169.409,120,0
121.534,-167.41,120
121.513,-165.41,120
121.492,-163.41,120
121.47,-161.41,120
121.449,-159.41,120
121.428,-157.41,120
121.406,-155.41,120
121.385,-153.41,120
121.364,-151.41,120
121.343,-149.411,120
121.321,-147.411,120
121.3,-145.411,120
121.279,-143.411,120
121.258,-141.411,120
121.236,-139.411,120
121.215,-137.411,120
121.194,-135.411,120
121.172,-133.411,120
121.151,-131.412,120
121.13,-129.412,120
121.109,-127.412,120
121.087,-125.412,120
121.066,-123.412,120
121.045,-121.412,120
121.024,-119.412,120
121.002,-117.412,120
120.981,-115.412,120
120.96,-113.413,120
120.938,-111.413,120
120.917,-109.413,120
120.896,-107.413,120
120.875,-105.413,120
120.853,-103.413,120
120.832,-101.413,120
120.811,-99.413,120
120.79,-97.414,120
120.768,-95.414,120
120.747,-93.414,120
120.726,-91.414,120
120.704,-89.414,120
120.683,-87.414,120
120.662,-85.414,120
120.641,-83.414,120
120.619,-81.414,120
120.598,-79.415,120
120.577,-77.415,120
120.555,-75.415,120
120.534,-73.415,120
120.513,-71.415,120
120.492,-69.415,120
120.47,-67.415,120
120.449,-65.415,120
120.428,-63.415,120
120.407,-61.416,120
120.385,-59.416,120
120.364,-57.416,120
120.343,-55.416,120
120.321,-53.416,120
120.3,-51.416,120
120.279,-49.416,120
120.258,-47.416,120
120.236,-45.416,120
120.215,-43.417,120
120.194,-41.417,120
120.173,-39.417,120
120.151,-37.417,120
120.13,-35.417,120
120.109,-33.417,120
120.087,-31.417,120
120.066,-29.417,120
120.045,-27.417,120
120.024,-25.418,120
120.002,-23.418,120
119.981,-21.418,120
119.96,-19.418,120
119.938,-17.418,120
119.917,-15.418,120
119.896,-13.418,120
119.875,-11.418,120
119.853,-9.418,120
119.832,-7.419,120
119.811,-5.419,120
119.79,-3.419,120
119.768,-1.419,120,0
121.521,-1.174,120
123.521,-1.174,120
125.521,-1.174,120
127.521,-1.174,120
129.521,-1.174,120
131.521,-1.174,120
133.521,-1.174,120
135.521,-1.174,120
137.521,-1.174,120
139.521,-1.174,120
141.521,-1.174,120
143.521,-1.174,120
145.521,-1.174,120
147.521,-1.174,120
149.521,-1.174,120
151.521,-1.174,120
153.521,-1.174,120
155.521,-1.174,120
157.521,-1.174,120
159.521,-1.174,120
161.521,-1.174,120
163.521,-1.174,120
165.521,-1.174,120
167.521,-1.174,120,0
165.843,-1.225,120
163.844,-1.281,120
161.845,-1.336,120
159.845,-1.392,120
157.846,-1.447,120
155.847,-1.503,120
153.848,-1.558,120
151.849,-1.614,120
149.849,-1.669,120
147.85,-1.725,120
146.129,-1.504,120,0
146.204,0.494,120
146.279,2.493,120
146.354,4.491,120
146.428,6.49,120
146.503,8.489,120
146.578,10.487,120
146.652,12.486,120
146.727,14.484,120
146.802,16.483,120
146.877,18.482,120
146.951,20.48,120
147.026,22.479,120
147.101,24.477,120
147.175,26.476,120
147.25,28.475,120
147.325,30.473,120
147.4,32.472,120
147.474,34.47,120
147.549,36.469,120
147.624,38.468,120
147.698,40.466,120
147.773,42.465,120
147.848,44.463,120
147.923,46.462,120
147.997,48.461,120
148.072,50.459,120
148.147,52.458,120
148.221,54.457,120
148.296,56.455,120
148.371,58.454,120
148.446,60.452,120
148.515,62.451,120,0
148.515,64.451,120
148.515,66.451,120
148.515,68.451,120
148.515,70.451,120
148.515,72.451,120
148.515,74.451,120
148.515,76.451,120
148.515,78.451,120
148.515,80.451,120
148.515,82.451,120
148.515,84.451,120
148.515,86.451,120
148.515,88.451,120
148.515,90.451,120
148.515,92.451,120
148.515,94.451,120
148.515,96.451,120
148.515,98.451,120
148.515,100.451,120
148.515,102.451,120
148.515,104.451,120
148.515,106.451,120
148.515,108.451,120
148.515,110.451,120
148.515,112.451,120
148.515,114.451,120
148.515,116.451,120
148.515,118.451,120,0
149.182,120.325,120
149.909,122.189,120
150.637,124.052,120
151.364,125.915,120
152.091,127.778,120
152.818,129.641,120
153.545,131.504,120
154.272,133.368,120
154.999,135.231,120
155.726,137.094,120
156.453,138.957,120
157.18,140.82,120
157.907,142.683,120
158.635,144.546,120
159.362,146.41,120
160.089,148.273,120
160.816,150.136,120
161.543,151.999,120
162.27,153.862,120
162.997,155.725,120
163.724,157.589,120
164.451,159.452,120
165.178,161.315,120
165.905,163.178,120
166.632,165.041,120
167.36,166.904,120
167.682,167.729,120,0
167.682,167.729,0,0
#PATH.JERRYIO-DATA {"appVersion":"0.8.3","format":"path.jerryio v0.1","gc":{"robotWidth":30,"robotHeight":30,"robotIsHolonomic":false,"showRobot":false,"uol":1,"pointDensity":2,"controlMagnetDistance":5,"fieldImage":{"displayName":"V5RC 2025 - High Stakes (Skills)","signature":"V5RC 2025 - High Stakes (Skills)","origin":{"__type":"built-in"}},"coordinateSystem":"VEX Gaming Positioning System"},"paths":[{"segments":[{"controls":[{"uid":"poq5ZH0suQ","x":-158.14627970393454,"y":-1.7728866380989357,"lock":false,"visible":true,"heading":0,"__type":"end-point"},{"uid":"Orizjxarna","x":-118.01675107128943,"y":-1.1739384495519938,"lock":false,"visible":true,"heading":0,"__type":"end-point"}],"speedProfiles":[],"lookaheadKeyframes":[],"uid":"R5xSHeZMRQ"},{"controls":[{"uid":"Orizjxarna","x":-118.01675107128943,"y":-1.1739384495519938,"lock":false,"visible":true,"heading":0,"__type":"end-point"},{"uid":"bqWrnmssVR","x":-118.61569925983638,"y":-59.27191273860536,"lock":false,"visible":true,"heading":0,"__type":"end-point"}],"speedProfiles":[],"lookaheadKeyframes":[],"uid":"z7kYp6t1dK"},{"controls":[{"uid":"bqWrnmssVR","x":-118.61569925983638,"y":-59.27191273860536,"lock":false,"visible":true,"heading":0,"__type":"end-point"},{"uid":"CEyYeD7aL6","x":-59.91877678223608,"y":-59.27191273860536,"lock":false,"visible":true,"heading":0,"__type":"end-point"}],"speedProfiles":[],"lookaheadKeyframes":[],"uid":"eOTGtm6AfV"},{"controls":[{"uid":"CEyYeD7aL6","x":-59.91877678223608,"y":-59.27191273860536,"lock":false,"visible":true,"heading":0,"__type":"end-point"},{"uid":"4qkJRuJNhv","x":61.667705492793125,"y":-123.95831710167508,"lock":false,"visible":true,"heading":0,"__type":"end-point"}],"speedProfiles":[],"lookaheadKeyframes":[],"uid":"HOrBmdA9lT"},{"controls":[{"uid":"4qkJRuJNhv","x":61.667705492793125,"y":-123.95831710167508,"lock":false,"visible":true,"heading":0,"__type":"end-point"},{"uid":"MoowQGczDU","x":2.3718348266458777,"y":-151.5099337748344,"lock":false,"visible":true,"heading":0,"__type":"end-point"}],"speedProfiles":[],"lookaheadKeyframes":[],"uid":"CiQr9nxwpS"},{"controls":[{"uid":"MoowQGczDU","x":2.3718348266458777,"y":-151.5099337748344,"lock":false,"visible":true,"heading":0,"__type":"end-point"},{"uid":"D2jCG957GB","x":0.5749902610050519,"y":-170.0773276197896,"lock":false,"visible":true,"heading":0,"__type":"end-point"}],"speedProfiles":[],"lookaheadKeyframes":[],"uid":"bbCY5DnBco"},{"controls":[{"uid":"D2jCG957GB","x":0.5749902610050519,"y":-170.0773276197896,"lock":false,"visible":true,"heading":0,"__type":"end-point"},{"uid":"YFG3heT319","x":-0.023957927541889933,"y":-122.7604207245812,"lock":false,"visible":true,"heading":0,"__type":"end-point"}],"speedProfiles":[],"lookaheadKeyframes":[],"uid":"4l7UonPM88"},{"controls":[{"uid":"YFG3heT319","x":-0.023957927541889933,"y":-122.7604207245812,"lock":false,"visible":true,"heading":0,"__type":"end-point"},{"uid":"4CmflkxHa5","x":-174.9168289832489,"y":-119.16673159329955,"lock":false,"visible":true,"heading":0,"__type":"end-point"}],"speedProfiles":[],"lookaheadKeyframes":[],"uid":"teanoE9E8v"},{"controls":[{"uid":"4CmflkxHa5","x":-174.9168289832489,"y":-119.16673159329955,"lock":false,"visible":true,"heading":0,"__type":"end-point"},{"uid":"4Umt4WEld1","x":-120.4125438254772,"y":-150.3120373977405,"lock":false,"visible":true,"heading":0,"__type":"end-point"}],"speedProfiles":[],"lookaheadKeyframes":[],"uid":"gZbb3eI7vJ"},{"controls":[{"uid":"4Umt4WEld1","x":-120.4125438254772,"y":-150.3120373977405,"lock":false,"visible":true,"heading":0,"__type":"end-point"},{"uid":"lqPj0Guw4l","x":-170.12524347487337,"y":-167.68153486560183,"lock":false,"visible":true,"heading":0,"__type":"end-point"}],"speedProfiles":[],"lookaheadKeyframes":[],"uid":"e80ZzijAAp"}],"pc":{"speedLimit":{"minLimit":{"value":0,"label":"0"},"maxLimit":{"value":600,"label":"600"},"step":1,"from":40,"to":120},"bentRateApplicableRange":{"minLimit":{"value":0,"label":"0"},"maxLimit":{"value":1,"label":"1"},"step":0.001,"from":0,"to":0.1}},"name":"STEP_1","uid":"x59lgIFCkS","lock":false,"visible":true},{"segments":[{"controls":[{"uid":"24vgEoKfaQ","x":-167.13050253213868,"y":-168.2804830541488,"lock":false,"visible":true,"heading":0,"__type":"end-point"},{"uid":"kTNz5F2MEU","x":-119.81359563693026,"y":-120.36462797039343,"lock":false,"visible":true,"heading":0,"__type":"end-point"}],"speedProfiles":[],"lookaheadKeyframes":[],"uid":"ULlXKeaWtM"},{"controls":[{"uid":"kTNz5F2MEU","x":-119.81359563693026,"y":-120.36462797039343,"lock":false,"visible":true,"heading":0,"__type":"end-point"},{"uid":"cnbawc1eL1","x":-119.81359563693026,"y":59.31982859368914,"lock":false,"visible":true,"heading":0,"__type":"end-point"}],"speedProfiles":[],"lookaheadKeyframes":[],"uid":"uPl37qne8d"},{"controls":[{"uid":"cnbawc1eL1","x":-119.81359563693026,"y":59.31982859368914,"lock":false,"visible":true,"heading":0,"__type":"end-point"},{"uid":"V3OoozR2AA","x":-62.314569536423846,"y":58.121932216595255,"lock":false,"visible":true,"heading":0,"__type":"end-point"}],"speedProfiles":[],"lookaheadKeyframes":[],"uid":"0V6r7tWM6W"},{"controls":[{"uid":"V3OoozR2AA","x":-62.314569536423846,"y":58.121932216595255,"lock":false,"visible":true,"heading":0,"__type":"end-point"},{"uid":"c0sTVJcCJ7","x":-0.023957927541889933,"y":-5.366575769380587,"lock":false,"visible":true,"heading":0,"__type":"end-point"}],"speedProfiles":[],"lookaheadKeyframes":[],"uid":"NLDGlUOcs2"},{"controls":[{"uid":"c0sTVJcCJ7","x":-0.023957927541889933,"y":-5.366575769380587,"lock":false,"visible":true,"heading":0,"__type":"end-point"},{"uid":"rti2SfYjHk","x":-58.720880405142196,"y":61.11667315932996,"lock":false,"visible":true,"heading":0,"__type":"end-point"}],"speedProfiles":[],"lookaheadKeyframes":[],"uid":"vnYrxIf9mX"},{"controls":[{"uid":"rti2SfYjHk","x":-58.720880405142196,"y":61.11667315932996,"lock":false,"visible":true,"heading":0,"__type":"end-point"},{"uid":"v05nUJNixm","x":-59.91877678223608,"y":119.81359563693026,"lock":false,"visible":true,"heading":0,"__type":"end-point"}],"speedProfiles":[],"lookaheadKeyframes":[],"uid":"JLY9RWVGnm"},{"controls":[{"uid":"v05nUJNixm","x":-59.91877678223608,"y":119.81359563693026,"lock":false,"visible":true,"heading":0,"__type":"end-point"},{"uid":"T3nIjA0Un5","x":-152.15679781846512,"y":122.80833657966497,"lock":false,"visible":true,"heading":0,"__type":"end-point"}],"speedProfiles":[],"lookaheadKeyframes":[],"uid":"spIxqUPBFp"},{"controls":[{"uid":"T3nIjA0Un5","x":-152.15679781846512,"y":122.80833657966497,"lock":false,"visible":true,"heading":0,"__type":"end-point"},{"uid":"Q7z84JCSi6","x":-121.61044020257108,"y":149.16205687573043,"lock":false,"visible":true,"heading":0,"__type":"end-point"}],"speedProfiles":[],"lookaheadKeyframes":[],"uid":"MCVk2tqGnj"},{"controls":[{"uid":"Q7z84JCSi6","x":-121.61044020257108,"y":149.16205687573043,"lock":false,"visible":true,"heading":0,"__type":"end-point"},{"uid":"xywawARltB","x":-167.7294507206856,"y":166.53155434359172,"lock":false,"visible":true,"heading":0,"__type":"end-point"}],"speedProfiles":[],"lookaheadKeyframes":[],"uid":"2WIBX3mDph"}],"pc":{"speedLimit":{"minLimit":{"value":0,"label":"0"},"maxLimit":{"value":600,"label":"600"},"step":1,"from":40,"to":120},"bentRateApplicableRange":{"minLimit":{"value":0,"label":"0"},"maxLimit":{"value":1,"label":"1"},"step":0.001,"from":0,"to":0.1}},"name":"STEP_2","uid":"MmJCWn1S9d","lock":false,"visible":true},{"segments":[{"controls":[{"uid":"s4jjKbAT7y","x":-168.9273470977795,"y":168.9273470977795,"lock":false,"visible":true,"heading":0,"__type":"end-point"},{"uid":"BYNCEVDBOV","x":-141.37573042462017,"y":148.56310868718347,"lock":false,"visible":true,"heading":0,"__type":"end-point"}],"speedProfiles":[],"lookaheadKeyframes":[],"uid":"m5sl3q7pFi"},{"controls":[{"uid":"BYNCEVDBOV","x":-141.37573042462017,"y":148.56310868718347,"lock":false,"visible":true,"heading":0,"__type":"end-point"},{"uid":"KCrbyWCRM5","x":-0.6229061160888318,"y":149.16205687573043,"lock":false,"visible":true,"heading":0,"__type":"end-point"}],"speedProfiles":[],"lookaheadKeyframes":[],"uid":"X0G7sCteEs"},{"controls":[{"uid":"KCrbyWCRM5","x":-0.6229061160888318,"y":149.16205687573043,"lock":false,"visible":true,"heading":0,"__type":"end-point"},{"uid":"HOesTMXIoo","x":-0.6229061160888318,"y":175.51577717179586,"lock":false,"visible":true,"heading":0,"__type":"end-point"}],"speedProfiles":[],"lookaheadKeyframes":[],"uid":"QJuA8cM2t5"},{"controls":[{"uid":"HOesTMXIoo","x":-0.6229061160888318,"y":175.51577717179586,"lock":false,"visible":true,"heading":0,"__type":"end-point"},{"uid":"2cmCo4rmW4","x":2.3718348266458777,"y":119.81359563693026,"lock":false,"visible":true,"heading":0,"__type":"end-point"}],"speedProfiles":[],"lookaheadKeyframes":[],"uid":"2XEAa8p6yY"},{"controls":[{"uid":"2cmCo4rmW4","x":2.3718348266458777,"y":119.81359563693026,"lock":false,"visible":true,"heading":0,"__type":"end-point"},{"uid":"pT01PHkOzM","x":118.5677834047526,"y":-1.1739384495519938,"lock":false,"visible":true,"heading":0,"__type":"end-point"}],"speedProfiles":[],"lookaheadKeyframes":[],"uid":"aS40ZlQZne"},{"controls":[{"uid":"pT01PHkOzM","x":118.5677834047526,"y":-1.1739384495519938,"lock":false,"visible":true,"heading":0,"__type":"end-point"},{"uid":"B1k7xieJgd","x":119.76567978184649,"y":149.16205687573043,"lock":false,"visible":true,"heading":0,"__type":"end-point"}],"speedProfiles":[],"lookaheadKeyframes":[],"uid":"zMmsnlrZtx"},{"controls":[{"uid":"B1k7xieJgd","x":119.76567978184649,"y":149.16205687573043,"lock":false,"visible":true,"heading":0,"__type":"end-point"},{"uid":"kJLnyITUBm","x":119.16673159329955,"y":74.89248149590962,"lock":false,"visible":true,"heading":0,"__type":"end-point"}],"speedProfiles":[],"lookaheadKeyframes":[],"uid":"BcjUNB2hE5"},{"controls":[{"uid":"kJLnyITUBm","x":119.16673159329955,"y":74.89248149590962,"lock":false,"visible":true,"heading":0,"__type":"end-point"},{"uid":"5cpycpJaPl","x":150.3120373977405,"y":118.01675107128943,"lock":false,"visible":true,"heading":0,"__type":"end-point"}],"speedProfiles":[],"lookaheadKeyframes":[],"uid":"Fj6kJ3OMb4"},{"controls":[{"uid":"5cpycpJaPl","x":150.3120373977405,"y":118.01675107128943,"lock":false,"visible":true,"heading":0,"__type":"end-point"},{"uid":"r45Hs8A02r","x":61.06875730424618,"y":119.81359563693026,"lock":false,"visible":true,"heading":0,"__type":"end-point"}],"speedProfiles":[],"lookaheadKeyframes":[],"uid":"RBpuOHKegJ"}],"pc":{"speedLimit":{"minLimit":{"value":0,"label":"0"},"maxLimit":{"value":600,"label":"600"},"step":1,"from":40,"to":120},"bentRateApplicableRange":{"minLimit":{"value":0,"label":"0"},"maxLimit":{"value":1,"label":"1"},"step":0.001,"from":0,"to":0.1}},"name":"STEP_3","uid":"zZzAMwWLkO","lock":false,"visible":true},{"segments":[{"controls":[{"uid":"1b97PnLudd","x":61.06875730424618,"y":118.61569925983638,"lock":false,"visible":true,"heading":0,"__type":"end-point"},{"uid":"7dgrCikVkz","x":119.76567978184649,"y":-0.5749902610050519,"lock":false,"visible":true,"heading":0,"__type":"end-point"}],"speedProfiles":[],"lookaheadKeyframes":[],"uid":"MyUffikSip"},{"controls":[{"uid":"7dgrCikVkz","x":119.76567978184649,"y":-0.5749902610050519,"lock":false,"visible":true,"heading":0,"__type":"end-point"},{"uid":"vg3r68lHCt","x":61.667705492793125,"y":-56.876119984417585,"lock":false,"visible":true,"heading":0,"__type":"end-point"}],"speedProfiles":[],"lookaheadKeyframes":[],"uid":"E9ah9jg5mx"},{"controls":[{"uid":"vg3r68lHCt","x":61.667705492793125,"y":-56.876119984417585,"lock":false,"visible":true,"heading":0,"__type":"end-point"},{"uid":"FJMR4MC0iX","x":120.96357615894037,"y":-119.16673159329955,"lock":false,"visible":true,"heading":0,"__type":"end-point"}],"speedProfiles":[],"lookaheadKeyframes":[],"uid":"WS4OBclo92"},{"controls":[{"uid":"FJMR4MC0iX","x":120.96357615894037,"y":-119.16673159329955,"lock":false,"visible":true,"heading":0,"__type":"end-point"},{"uid":"QJgIIQ5HPj","x":119.16673159329955,"y":-149.71308920919358,"lock":false,"visible":true,"heading":0,"__type":"end-point"}],"speedProfiles":[],"lookaheadKeyframes":[],"uid":"uUjGF25WaS"},{"controls":[{"uid":"QJgIIQ5HPj","x":119.16673159329955,"y":-149.71308920919358,"lock":false,"visible":true,"heading":0,"__type":"end-point"},{"uid":"iN1nDBahCF","x":169.47837943124267,"y":-167.0825866770549,"lock":false,"visible":true,"heading":0,"__type":"end-point"}],"speedProfiles":[],"lookaheadKeyframes":[],"uid":"aQuFpE3pl9"}],"pc":{"speedLimit":{"minLimit":{"value":0,"label":"0"},"maxLimit":{"value":600,"label":"600"},"step":1,"from":40,"to":120},"bentRateApplicableRange":{"minLimit":{"value":0,"label":"0"},"maxLimit":{"value":1,"label":"1"},"step":0.001,"from":0,"to":0.1}},"name":"STEP_4","uid":"O1KiFqkG9R","lock":false,"visible":true},{"segments":[{"controls":[{"uid":"3AGAMZHe7T","x":168.87943124269572,"y":-168.87943124269572,"lock":false,"visible":true,"heading":0,"__type":"end-point"},{"uid":"EQZlnxJIus","x":121.56252434748731,"y":-170.0773276197896,"lock":false,"visible":true,"heading":0,"__type":"end-point"}],"speedProfiles":[],"lookaheadKeyframes":[],"uid":"ygQ3O9s0nU"},{"controls":[{"uid":"EQZlnxJIus","x":121.56252434748731,"y":-170.0773276197896,"lock":false,"visible":true,"heading":0,"__type":"end-point"},{"uid":"xKdZbQLrOK","x":119.76567978184649,"y":-1.1739384495519938,"lock":false,"visible":true,"heading":0,"__type":"end-point"}],"speedProfiles":[],"lookaheadKeyframes":[],"uid":"EE0eO23vF4"},{"controls":[{"uid":"xKdZbQLrOK","x":119.76567978184649,"y":-1.1739384495519938,"lock":false,"visible":true,"heading":0,"__type":"end-point"},{"uid":"w76XxCIZks","x":167.68153486560183,"y":-1.1739384495519938,"lock":false,"visible":true,"heading":0,"__type":"end-point"}],"speedProfiles":[],"lookaheadKeyframes":[],"uid":"LfhkoXVFzM"},{"controls":[{"uid":"w76XxCIZks","x":167.68153486560183,"y":-1.1739384495519938,"lock":false,"visible":true,"heading":0,"__type":"end-point"},{"uid":"ILbq7y0x2R","x":146.11940007791193,"y":-1.7728866380989357,"lock":false,"visible":true,"heading":0,"__type":"end-point"}],"speedProfiles":[],"lookaheadKeyframes":[],"uid":"CSTK8P8Glj"},{"controls":[{"uid":"ILbq7y0x2R","x":146.11940007791193,"y":-1.7728866380989357,"lock":false,"visible":true,"heading":0,"__type":"end-point"},{"uid":"gw0iy3v8MP","x":148.5151928320997,"y":62.314569536423846,"lock":false,"visible":true,"heading":0,"__type":"end-point"}],"speedProfiles":[],"lookaheadKeyframes":[],"uid":"CdlotSn1ms"},{"controls":[{"uid":"gw0iy3v8MP","x":148.5151928320997,"y":62.314569536423846,"lock":false,"visible":true,"heading":0,"__type":"end-point"},{"uid":"EkLY7TjFn7","x":148.5151928320997,"y":118.61569925983638,"lock":false,"visible":true,"heading":0,"__type":"end-point"}],"speedProfiles":[],"lookaheadKeyframes":[],"uid":"gRD1cUC9Rd"},{"controls":[{"uid":"EkLY7TjFn7","x":148.5151928320997,"y":118.61569925983638,"lock":false,"visible":true,"heading":0,"__type":"end-point"},{"uid":"zm618ev53G","x":167.68153486560183,"y":167.7294507206856,"lock":false,"visible":true,"heading":0,"__type":"end-point"}],"speedProfiles":[],"lookaheadKeyframes":[],"uid":"hczAEJYWog"}],"pc":{"speedLimit":{"minLimit":{"value":0,"label":"0"},"maxLimit":{"value":600,"label":"600"},"step":1,"from":40,"to":120},"bentRateApplicableRange":{"minLimit":{"value":0,"label":"0"},"maxLimit":{"value":1,"label":"1"},"step":0.001,"from":0,"to":0.1}},"name":"STEP_5","uid":"Q6TaoZ1r4G","lock":false,"visible":true}]}